442
9
1044
1098
1088
1078
1072
1074
1072
1090
1072
32
1077
32
1085
1072
1087
1072
1076
1085
1072
1090
1072
32
1086
1090
32
1079
1086
1084
1073
1080
1090
1072
32
33
32
13
10
13
10
1057
1083
1077
1076
32
1076
1098
1083
1075
1086
32
1090
1098
1088
1089
1077
1085
1077
32
1084
1072
1075
1100
1086
1089
1085
1080
1094
1080
1090
1077
32
1088
1072
1079
1073
1088
1072
1093
1072
44
32
1095
1077
32
1079
1086
1084
1073
1080
1090
1072
1090
1072
13
10
1080
1076
1074
1072
1090
32
1086
1090
32
1084
1072
1083
1082
1086
32
1080
1079
1086
1089
1090
1072
1074
1077
1085
1086
32
1089
1077
1083
1094
1077
46
32
1048
1079
1087
1088
1072
1090
1077
1085
32
1089
1080
32
1076
1072
32
1089
1087
1072
1089
1080
1096
13
10
1082
1086
1083
1082
1086
1090
1086
32
1089
1077
32
1084
1086
1078
1077
32
1087
1086
1074
1077
1095
1077
32
1076
1091
1096
1080
44
32
1087
1088
1077
1076
1080
32
1076
1072
32
1089
1072
32
1089
1077
32
1087
1088
1077
1074
1098
1088
1085
1072
1083
1080
13
10
1074
32
1079
1086
1084
1073
1080
1090
1072
46
32
1042
1085
1080
1084
1072
1074
1072
1081
44
32
1074
32
1089
1077
1083
1086
1090
1086
32
1089
1098
1097
1086
32
1080
1084
1072
32
1079
1086
1084
1073
1080
1090
1072
44
32
1089
32
1082
1086
1080
1090
1086
13
10
1097
1077
32
1090
1088
1103
1073
1074
1072
32
1076
1072
32
1089
1077
32
1073
1080
1077
1096
44
32
1072
1082
1086
32
1089
1077
32
1089
1088
1077
1097
1085
1077
1096
46
32
1050
1086
1075
1072
1090
1086
32
1089
1087
1072
1089
1080
1096
32
1076
1091
1096
1072
44
13
10
1084
1072
1083
1082
1086
32
1086
1090
32
1089
1080
1083
1072
1090
1072
32
1090
1080
32
1089
1077
32
1074
1098
1079
1089
1090
1072
1085
1086
1074
1103
1074
1072
46
32
1055
1086
1085
1103
1082
1086
1075
1072
32
1079
1086
1084
1073
1080
1090
1072
1090
1072
32
13
10
1085
1086
1089
1103
1090
32
1083
1077
1082
1086
1074
1077
44
32
1082
1086
1080
1090
1086
32
1084
1086
1078
1077
1096
32
1076
1072
32
1074
1079
1077
1084
1077
1096
44
32
1082
1086
1075
1072
1090
1086
32
1091
1073
1080
1077
1096
32
1074
1088
1072
1075
1072
46
32
13
10
32
32
0
